#Parameters = {g_w=0.1; m_th=0.01; lin_w=0.57; er=2.33; lamb=20; subs_th=0.2; subs_l=10; subs_w=10; Patch_length=6.3548709179955; Patch_width=5.7348835113618; x_shift=0.5; y_shift=0}
#"Frequency / GHz"	"Z1,1 [Re]"	"Z1,1 [Im]"
#-----------------------------------------
13.000000000000	21.669389471081	-396.39586691708
13.003999710083	21.775886418358	-395.25137662678
13.008000373840	21.777179969380	-394.13379227389
13.012000083923	21.674149352824	-393.03140530521
13.015999794006	21.468568025286	-391.93298112587
13.020000457764	21.164028846357	-390.82726612628
13.024000167847	20.764631193739	-389.70366561802
13.027999877930	20.275940755931	-388.55190519402
13.031999588013	19.704602974824	-387.36260113406
13.036000251770	19.057982362938	-386.12713407322
13.039999961853	18.344801492802	-384.83791264863
13.043999671936	17.574105303673	-383.48830161311
13.048000335693	16.755611332868	-382.07292326565
13.052000045776	15.899870531854	-380.58777141622
13.055999755859	15.017222661907	-379.02982763454
13.060000419617	14.118427390052	-377.39767137324
13.064000129700	13.214184795793	-375.69108924010
13.067999839783	12.314729322402	-373.91106652233
13.071999549866	11.430193399829	-372.05989373900
13.076000213623	10.569924334691	-370.14104979111
13.079999923706	9.7426918615163	-368.15878121862
13.083999633789	8.9565071831473	-366.11855069591
13.088000297546	8.2183531499311	-364.02639446402
13.092000007629	7.5345565815416	-361.88914017196
13.095999717712	6.9102527399325	-359.71388886176
13.100000381470	6.3495401951572	-357.50823891725
13.104000091553	5.8554092658241	-355.28005533290
13.107999801636	5.4302748492095	-353.03714247489
13.112000465393	5.0750749210174	-350.78737108756
13.116000175476	4.7901957319394	-348.53833708301
13.119999885559	4.5751346773730	-346.29752422974
13.123999595642	4.4283713326263	-344.07210610833
13.128000259399	4.3480426601941	-341.86872754920
13.131999969482	4.3313165212226	-339.69368879575
13.135999679565	4.3749167127533	-337.55279129335
13.140000343323	4.4752989395815	-335.45133599954
13.144000053406	4.6280317240422	-333.39390187210
13.147999763489	4.8288177254437	-331.38477584820
13.152000427246	5.0729152009649	-329.42750396629
13.156000137329	5.3552163760377	-327.52511114230
13.159999847412	5.6708452609074	-325.68008275128
13.163999557495	6.0143004891313	-323.89431485711
13.168000221252	6.3804998120532	-322.16926109099
13.171999931335	6.7641426023416	-320.50576312531
13.175999641418	7.1599349673316	-318.90420656296
13.180000305176	7.5628394761278	-317.36441835763
13.184000015259	7.9677481781480	-315.88577705177
13.187999725342	8.3697255493754	-314.46742332800
13.192000389099	8.7641131028614	-313.10780385978
13.196000099182	9.1462946864317	-311.80499241050
13.199999809265	9.5120414852035	-310.55683187953
13.204000473022	9.8574464815888	-309.36069356413
13.208000183105	10.178565713604	-308.21358492397
13.211999893188	10.472107031083	-307.11235167215
13.215999603271	10.734952639975	-306.05332793727
13.220000267029	10.964456858143	-305.03278511103
13.223999977112	11.158166721214	-304.04672412249
13.227999687195	11.314272512448	-303.09094475179
13.232000350952	11.431243961220	-302.16106445513
13.236000061035	11.508005980702	-301.25264440649
13.239999771118	11.543995806355	-300.36118338449
13.244000434875	11.539059207826	-299.48215505736
13.248000144958	11.493362098682	-298.61107256683
13.251999855042	11.407921870521	-297.74375248880
13.255999565125	11.283751762565	-296.87492583761
13.260000228882	11.122638887452	-296.00159484965
13.263999938965	10.926619377741	-295.11985064206
13.267999649048	10.698168347743	-294.22508220821
13.272000312805	10.439984498795	-293.31438174802
13.276000022888	10.155417329494	-292.38568927396
13.279999732971	9.8476584526015	-291.43547846387
13.284000396729	9.5204954443919	-290.46217360737
13.288000106812	9.1776324231895	-289.46322042635
13.291999816895	8.8230134445992	-288.43801323906
13.295999526978	8.4606534423611	-287.38612275315
13.300000190735	8.0944776778079	-286.30632985132
13.303999900818	7.7284611196574	-285.19946914360
13.307999610901	7.3664973023716	-284.06563054275
13.312000274658	7.0121943043086	-282.90617295020
13.315999984741	6.6690439048715	-281.72236548261
13.319999694824	6.3402432811452	-280.51582368345
13.324000358582	6.0289315188383	-279.28867069784
13.328000068665	5.7376136877926	-278.04324327938
13.331999778748	5.4686500356659	-276.78210051892
13.336000442505	5.2240640372549	-275.50801406445
13.340000152588	5.0054614526806	-274.22384208220
13.343999862671	4.8140715046974	-272.93268000475
13.347999572754	4.6508668361827	-271.63750806351
13.352000236511	4.5163561182347	-270.34145520654
13.355999946594	4.4107027513284	-269.04755775547
13.359999656677	4.3338124019588	-267.75880345275
13.364000320435	4.2852466551922	-266.47810744987
13.368000030518	4.2642672076883	-265.20826028896
13.371999740601	4.2698213836714	-263.95185851361
13.376000404358	4.3006502657015	-262.71141534940
13.380000114441	4.3553112676417	-261.48918347315
13.383999824524	4.4320928619243	-260.28725986975
13.387999534607	4.5290525638859	-259.10745479014
13.392000198364	4.6443393982027	-257.95141353483
13.395999908447	4.7757531172419	-256.82054069345
13.399999618530	4.9210146620517	-255.71600998223
13.404000282288	5.0779281993331	-254.63866052312
13.407999992371	5.2440693005997	-253.58919870744
13.411999702454	5.4171310848496	-252.56811372700
13.416000366211	5.5947012829578	-251.57551071202
13.420000076294	5.7745102997846	-250.61139007850
13.423999786377	5.9541676434050	-249.67547734620
13.428000450134	6.1313946215771	-248.76728832408
13.432000160217	6.3040812485611	-247.88610135708
13.435999870300	6.4701147343247	-247.03106149307
13.439999580383	6.6275823650580	-246.20101740587
13.444000244141	6.7745773995854	-245.39474057484
13.447999954224	6.9094579530222	-244.61079257080
13.451999664307	7.0306560451473	-243.84757507642
13.456000328064	7.1368683147421	-243.10339376604
13.460000038147	7.2267972589184	-242.37644146492
13.463999748230	7.2995911985027	-241.66471244409
13.468000411987	7.3543960261015	-240.96624663920
13.472000122070	7.3906180332415	-240.27901092015
13.475999832153	7.4079419776034	-239.60086517738
13.479999542236	7.4062419156172	-238.92970510474
13.484000205994	7.3855159529476	-238.26341396361
13.487999916077	7.3460818700178	-237.59993615572
13.491999626160	7.2884864261868	-236.93726125227
13.496000289917	7.2133786007690	-236.27341071227
13.500000000000	7.1216576490020	-235.60657310471
13.503999710083	7.0144667574116	-234.93502522166
13.508000373840	6.8929088381408	-234.25718386464
13.512000083923	6.7585294040168	-233.57157846051
13.515999794006	6.6127468982796	-232.87701328597
13.520000457764	6.4572669859582	-232.17234446528
13.524000167847	6.2938136776344	-231.45676806534
13.527999877930	6.1240754662266	-230.72950507156
13.531999588013	5.9500124046542	-229.99017451007
13.536000251770	5.7734165741317	-229.23845933299
13.539999961853	5.5960713219680	-228.47433186850
13.543999671936	5.4199446007490	-227.69786813644
13.548000335693	5.2466601136732	-226.90948424752
13.552000045776	5.0779797108381	-226.10967246286
13.555999755859	4.9154773858863	-225.29913115662
13.560000419617	4.7606042280752	-224.47867097151
13.564000129700	4.6147856226702	-223.64938581936
13.567999839783	4.4792212498155	-222.81233035874
13.571999549866	4.3549875190328	-221.96876155642
13.576000213623	4.2429322585491	-221.12005111947
13.579999923706	4.1439072470239	-220.26752541341
13.583999633789	4.0584545392705	-219.41263387037
13.588000297546	3.9869636299517	-218.55689953645
13.592000007629	3.9296888338291	-217.70181013364
13.595999717712	3.8867954666716	-216.84883031896
13.600000381470	3.8580818101889	-215.99942526590
13.604000091553	3.8433971363588	-215.15502182782
13.607999801636	3.8423490259879	-214.31700836039
13.612000465393	3.8544443234357	-213.48668244046
13.616000175476	3.8789931968006	-212.66524763781
13.619999885559	3.9152888682359	-211.85389907567
13.623999595642	3.9624154555016	-211.05364903550
13.628000259399	4.0194720808379	-210.26538742566
13.631999969482	4.0854632765563	-209.49002752536
13.635999679565	4.1591818727177	-208.72818722897
13.640000343323	4.2395837837340	-207.98047061997
13.644000053406	4.3253706992980	-207.24739731912
13.647999763489	4.4154137031079	-206.52922847404
13.652000427246	4.5084249472529	-205.82616077461
13.656000137329	4.6031523330575	-205.13829467007
13.659999847412	4.6984076843516	-204.46558850069
13.663999557495	4.7929039774617	-203.80785072161
13.668000221252	4.8855316026159	-203.16480546455
13.671999931335	4.9750913968491	-202.53600951144
13.675999641418	5.0605572332329	-201.92099653294
13.680000305176	5.1408297268323	-201.31912431272
13.684000015259	5.2150197960464	-200.72965711653
13.687999725342	5.2821947529484	-200.15184300596
13.692000389099	5.3416275868380	-199.58474550399
13.696000099182	5.3925901854844	-199.02744225183
13.699999809265	5.4345217535658	-198.47891905014
13.704000473022	5.4669550937495	-197.93809847670
13.708000183105	5.4894847066505	-197.40393088002
13.711999893188	5.5019064908611	-196.87520349150
13.715999603271	5.5040430521007	-196.35086483324
13.720000267029	5.4959252837831	-195.82976343366
13.723999977112	5.4776050823583	-195.31076494986
13.727999687195	5.4493685641974	-194.79272985681
13.732000350952	5.4114914189403	-194.27462354984
13.736000061035	5.3643935397722	-193.75540253199
13.739999771118	5.3086796677657	-193.23412661650
13.744000434875	5.2449223243477	-192.70988467221
13.748000144958	5.1738554331743	-192.18187900803
13.751999855042	5.0963007825548	-191.64935753117
13.755999565125	5.0130812053256	-191.11169520409
13.760000228882	4.9251093315132	-190.56840243896
13.763999938965	4.8333301981059	-190.01895367293
13.767999649048	4.7388030886654	-189.46312646499
13.772000312805	4.6424394426855	-188.90067749181
13.776000022888	4.5453027506378	-188.33147156894
13.779999732971	4.4483858926375	-187.75559325458
13.784000396729	4.3526582410119	-187.17308607204
13.788000106812	4.2590990707480	-186.58424677140
13.791999816895	4.1685965925738	-185.98930384281
13.795999526978	4.0820193865984	-185.38876340032
13.800000190735	4.0001771565458	-184.78314193805
13.803999900818	3.9237923322049	-184.17295909194
13.807999610901	3.8534960970534	-183.55884337149
13.812000274658	3.7899375086784	-182.94153431847
13.815999984741	3.7334975669700	-182.32178968984
13.819999694824	3.6846405832790	-181.70040875454
13.824000358582	3.6436815687025	-181.07818362521
13.828000068665	3.6107746083512	-180.45598567854
13.831999778748	3.5861122382435	-179.83460895757
13.836000442505	3.5696540691176	-179.21495455142
13.840000152588	3.5613480406842	-178.59783595262
13.843999862671	3.5610757477876	-177.98404379399
13.847999572754	3.5685778424109	-177.37437589349
13.852000236511	3.5835300606356	-176.76956585606
13.855999946594	3.6055903298740	-176.17035114823
13.859999656677	3.6342669329891	-175.57735073662
13.864000320435	3.6690374297682	-174.99113347730
13.868000030518	3.7093669571521	-174.41227947435
13.871999740601	3.7546200702791	-173.84125430468
13.876000404358	3.8041427691250	-173.27842794030
13.880000114441	3.8572573998912	-172.72410500497
13.883999824524	3.9132116732077	-172.17858714084
13.887999534607	3.9713160017976	-171.64200733575
13.892000198364	4.0307939874592	-171.11448568541
13.895999908447	4.0909462908387	-170.59603647237
13.899999618530	4.1509939187028	-170.08661292606
13.904000282288	4.2102311497548	-169.58606710774
13.907999992371	4.2679518494243	-169.09418050968
13.911999702454	4.3234662044472	-168.61072075691
13.916000366211	4.3761473380863	-168.13538346637
13.920000076294	4.4253671785856	-167.66768056913
13.923999786377	4.4705702353144	-167.20722580939
13.928000450134	4.5112720719718	-166.75346183785
13.932000160217	4.5470174112565	-166.30584920651
13.935999870300	4.5774148105311	-165.86379390324
13.939999580383	4.6020925947295	-165.42667990881
13.944000244141	4.6208425175561	-164.99382544145
13.947999954224	4.6334552796075	-164.56456194723
13.951999664307	4.6397794943733	-164.13816652672
13.956000328064	4.6398329349054	-163.71395134718
13.960000038147	4.6335883941102	-163.29127206445
13.963999748230	4.6211656188336	-162.86937917388
13.968000411987	4.6027451919015	-162.44759270843
13.972000122070	4.5785410334297	-162.02532161297
13.975999832153	4.5488471726835	-161.60187400840
13.979999542236	4.5140489301925	-161.17674991437
13.984000205994	4.4745552657409	-160.74938934273
13.987999916077	4.4307944414116	-160.31930473964
13.991999626160	4.3833334241620	-159.88606971519
13.996000289917	4.3327089326640	-159.44932187755
14.000000000000	4.2794641881231	-159.00875415619
14.003999710083	4.2242637868513	-158.56412658688
14.008000373840	4.1676790459845	-158.11528713903
14.012000083923	4.1103852352683	-157.66207607020
14.015999794006	4.0529647114080	-157.20452259924
14.020000457764	3.9960895666470	-156.74265419851
14.024000167847	3.9403420081497	-156.27655658738
14.027999877930	3.8863481733306	-155.80640871705
14.031999588013	3.8346407867426	-155.33238693066
14.036000251770	3.7857658534999	-154.85484308477
14.039999961853	3.7402295217079	-154.37406079488
14.043999671936	3.6984670912599	-153.89046331364
14.048000335693	3.6608747853111	-153.40442603879
14.052000045776	3.6277996258187	-152.91650522986
14.055999755859	3.5995532662169	-152.42708721244
14.060000419617	3.5763589917447	-151.93673249159
14.064000129700	3.5583964722500	-151.44596073453
14.067999839783	3.5457956069629	-150.95533633316
14.071999549866	3.5385909113775	-150.46541026155
14.076000213623	3.5368020666466	-149.97667514654
14.079999923706	3.5403661898119	-149.48975984114
14.083999633789	3.5491875157051	-149.00511844301
14.088000297546	3.5630562668912	-148.52327717105
14.092000007629	3.5817753751424	-148.04470951029
14.095999717712	3.6050866687912	-147.56986304239
14.100000381470	3.6326618090506	-147.09917053045
14.104000091553	3.6641472409827	-146.63301403977
14.107999801636	3.6991751297480	-146.17171764521
14.112000465393	3.7373196437616	-145.71560668484
14.116000175476	3.7781150241913	-145.26490060558
14.119999885559	3.8211097894525	-144.81979875037
14.123999595642	3.8658072589912	-144.38047778268
14.128000259399	3.9117288645657	-143.94701823665
14.131999969482	3.9583798019007	-143.51947338278
14.135999679565	4.0052497926982	-143.09785098158
14.140000343323	4.0518336021181	-142.68207715091
14.144000053406	4.0976288458038	-142.27201746104
14.147999763489	4.1422072882413	-141.86757657626
14.152000427246	4.1850871197435	-141.46852084753
14.156000137329	4.2258318179552	-141.07460836425
14.159999847412	4.2640313222849	-140.68555029961
14.163999557495	4.2993478243908	-140.30100360225
14.168000221252	4.3314385056218	-139.92058775682
14.171999931335	4.3599903901721	-139.54396061390
14.175999641418	4.3847605742447	-139.17067035206
14.180000305176	4.4055344712913	-138.80026646684
14.184000015259	4.4221712428398	-138.43229112643
14.187999725342	4.4345572302862	-138.06625044371
14.192000389099	4.4426043287759	-137.70166940044
14.196000099182	4.4463405061067	-137.33805641609
14.199999809265	4.4457628945962	-136.97495490805
14.204000473022	4.4409830974188	-136.61183714913
14.208000183105	4.4321602159686	-136.24829142546
14.211999893188	4.4194490254191	-135.88382401701
14.215999603271	4.4030866697296	-135.51803817906
14.220000267029	4.3833392495068	-135.15052603769
14.223999977112	4.3605095466907	-134.78094752604
14.227999687195	4.3349539402833	-134.40895925687
14.232000350952	4.3070463794925	-134.03428367688
14.236000061035	4.2771694643193	-133.65666457346
14.239999771118	4.2457656073688	-133.27590068065
14.244000434875	4.2132675769424	-132.89186143715
14.248000144958	4.1800983673038	-132.50441755101
14.251999855042	4.1467226083531	-132.11354171714
14.255999565125	4.1136195290114	-131.71919684527
14.260000228882	4.0811997637487	-131.32142053232
14.263999938965	4.0499069685933	-130.92032199402
14.267999649048	4.0201504189585	-130.51603118511
14.272000312805	3.9923550757577	-130.10869728951
14.276000022888	3.9668811785839	-129.69857095287
14.279999732971	3.9440971136564	-129.28587833773
14.284000396729	3.9242922938071	-128.87091222186
14.288000106812	3.9077507174565	-128.45397242323
14.291999816895	3.8947129896158	-128.03542224724
14.295999526978	3.8853999315415	-127.61561462723
14.300000190735	3.8799664237236	-127.19490961163
14.303999900818	3.8785302163773	-126.77376003539
14.307999610901	3.8811653946287	-126.35247508971
14.312000274658	3.8878862328413	-125.93140397236
14.315999984741	3.8987154291847	-125.51120298665
14.319999694824	3.9135833979665	-125.09205547401
14.324000358582	3.9323941774191	-124.67431709164
14.328000068665	3.9550159169615	-124.25855781540
14.331999778748	3.9812766104352	-123.84484615650
14.336000442505	4.0109652719933	-123.43366599407
14.340000152588	4.0438495399570	-123.02533662775
14.343999862671	4.0796630878305	-122.62007798572
14.347999572754	4.1180992685350	-122.21825894663
14.352000236511	4.1588357660835	-121.81995776283
14.355999946594	4.2015540423321	-121.42529124558
14.359999656677	4.2458714276811	-121.03457249320
14.364000320435	4.2914536129644	-120.64773899055
14.368000030518	4.3378947224189	-120.26501457198
14.371999740601	4.3848301165561	-119.88621044923
14.376000404358	4.4318865076545	-119.51155571628
14.380000114441	4.4786754151215	-119.14083950177
14.383999824524	4.5248309829554	-118.77404280678
14.387999534607	4.5700021267826	-118.41093855145
14.392000198364	4.6138218138215	-118.05131726072
14.395999908447	4.6560122671412	-117.69518641308
14.399999618530	4.6962497006005	-117.34213629003
14.404000282288	4.7342373666795	-116.99193949864
14.407999992371	4.7697468717427	-116.64427895382
14.411999702454	4.8025600098765	-116.29892756350
14.416000366211	4.8324890601794	-115.95544181364
14.420000076294	4.8594039092906	-115.61359308822
14.423999786377	4.8831495978243	-115.27278720325
14.428000450134	4.9037074990533	-114.93296024508
14.432000160217	4.9210082343447	-114.59338844685
14.435999870300	4.9350629387909	-114.25386816737
14.439999580383	4.9459217708049	-113.91405383117
14.444000244141	4.9536694875798	-113.57344783659
14.447999954224	4.9584286356353	-113.23173451518
14.451999664307	4.9603575986356	-112.88856491308
14.456000328064	4.9596418966494	-112.54359784028
14.460000038147	4.9565228165714	-112.19652147747
14.463999748230	4.9512506837308	-111.84705244513
14.468000411987	4.9440974011154	-111.49493328553
14.472000122070	4.9353845370871	-111.13990801557
14.475999832153	4.9254419328566	-110.78183687112
14.479999542236	4.9146078537429	-110.42052741883
14.484000205994	4.9032248604337	-110.05587605210
14.487999916077	4.8916816091322	-109.68780827347
14.491999626160	4.8803300233678	-109.31624044621
14.496000289917	4.8695519494599	-108.94121309481
14.500000000000	4.8596863354279	-108.56275004519
14.503999710083	4.8511004576236	-108.18090878350
14.508000373840	4.8441457397149	-107.79581115885
14.512000083923	4.8391314194776	-107.40759116965
14.515999794006	4.8363794308581	-107.01642154052
14.520000457764	4.8361589278630	-106.62251813492
14.524000167847	4.8387494816332	-106.22607919175
14.527999877930	4.8443288501846	-105.82739078391
14.531999588013	4.8531478757282	-105.42672033445
14.536000251770	4.8653500361323	-105.02434521133
14.539999961853	4.8810727770538	-104.62059892574
14.543999671936	4.9004188017500	-104.21575204136
14.548000335693	4.9234286482959	-103.81016053932
14.552000045776	4.9501403761140	-103.40411834520
14.555999755859	4.9805578071368	-102.99798163976
14.560000419617	5.0146280201303	-102.59202910247
14.564000129700	5.0522649147881	-102.18659186573
14.567999839783	5.0933657189921	-101.78194099852
14.571999549866	5.1377986205611	-101.37838334789
14.576000213623	5.1853749760246	-100.97616093799
14.579999923706	5.2359197319162	-100.57553277316
14.583999633789	5.2891821341710	-100.17668451124
14.588000297546	5.3449351400599	-99.779835646746
14.592000007629	5.4029279969332	-99.385139579518
14.595999717712	5.4628523728718	-98.992728072825
14.600000381470	5.5244209504930	-98.602714716586
14.604000091553	5.5873359388998	-98.215143238340
14.607999801636	5.6512862782593	-97.830083078223
14.612000465393	5.7159476060489	-97.447509857998
14.616000175476	5.7809955119922	-97.067417792018
14.619999885559	5.8461360183146	-96.689718925105
14.623999595642	5.9110477278067	-96.314330901692
14.628000259399	5.9754395187648	-95.941117635517
14.631999969482	6.0390154104624	-95.569921562139
14.635999679565	6.1015166037104	-95.200529989493
14.640000343323	6.1626892492116	-94.832748730285
14.644000053406	6.2223017521929	-94.466306494383
14.647999763489	6.2801416778087	-94.100951282928
14.652000427246	6.3360380141422	-93.736358460885
14.656000137329	6.3898428837320	-93.372241340299
14.659999847412	6.4414561118873	-93.008237657976
14.663999557495	6.4907523578833	-92.644053707371
14.668000221252	6.5377118694904	-92.279292128819
14.671999931335	6.5823093896850	-91.913610705658
14.675999641418	6.6245594083002	-91.546644058224
14.680000305176	6.6645166981069	-91.178030873491
14.684000015259	6.7022770004462	-90.807425186760
14.687999725342	6.7379519727325	-90.434451136962
14.692000389099	6.7716983378512	-90.058798009424
14.696000099182	6.8037205366039	-89.680146316344
14.699999809265	6.8342126138838	-89.298196420589
14.704000473022	6.8634376944568	-88.912667161532
14.708000183105	6.8916655683371	-88.523285632885
14.711999893188	6.9191875472057	-88.129849749146
14.715999603271	6.9462999253009	-87.732166112312
14.720000267029	6.9733487271126	-87.330040584441
14.723999977112	7.0006723478681	-86.923378115115
14.727999687195	7.0286133555803	-86.512036925004
14.732000350952	7.0575238923786	-86.095998046693
14.736000061035	7.0877550595535	-85.675188073655
14.739999771118	7.1196684087825	-85.249635116474
14.744000434875	7.1535992522180	-84.819357668929
14.748000144958	7.1898866603780	-84.384425029380
14.751999855042	7.2288551477626	-83.944954154756
14.755999565125	7.2707944994011	-83.501061200646
14.760000228882	7.3160036909998	-83.052902341054
14.763999938965	7.3647506164475	-82.600644331893
14.767999649048	7.4172564668893	-82.144495861980
14.772000312805	7.4737481302494	-81.684670472547
14.776000022888	7.5344115514327	-81.221416120459
14.779999732971	7.5993946785646	-80.754938345430
14.784000396729	7.6688250210220	-80.285540452083
14.788000106812	7.7427881590323	-79.813450686379
14.791999816895	7.8213705832789	-79.338939403772
14.795999526978	7.9045781530851	-78.862281133175
14.800000190735	7.9924320242958	-78.383698457679
14.803999900818	8.0848847316046	-77.903473343804
14.807999610901	8.1818909621090	-77.421830354255
14.812000274658	8.2833648824235	-76.939010201190
14.815999984741	8.3891867341564	-76.455187311955
14.819999694824	8.4992200576423	-75.970583942904
14.824000358582	8.6133082180840	-75.485354482800
14.828000068665	8.7312640694151	-74.999652700140
14.831999778748	8.8528929599099	-74.513583529507
14.836000442505	8.9779822207104	-74.027249403493
14.840000152588	9.1063090295051	-73.540715378295
14.843999862671	9.2376207373150	-73.053997024145
14.847999572754	9.3716784802456	-72.567108673862
14.852000236511	9.5082441395457	-72.080014020467
14.855999946594	9.6470482121145	-71.592651836638
14.859999656677	9.7878639881610	-71.104924022397
14.864000320435	9.9304251016946	-70.616676177831
14.868000030518	10.074511879078	-70.127766550414
14.871999740601	10.219902187843	-69.638002307548
14.876000404358	10.366379826934	-69.147132615577
14.880000114441	10.513749891402	-68.654909543666
14.883999824524	10.661855952150	-68.161051728275
14.887999534607	10.810539499103	-67.665219536091
14.892000198364	10.959684423382	-67.167095012441
14.895999908447	11.109207081580	-66.666294846690
14.899999618530	11.259027375713	-66.162456086649
14.904000282288	11.409130525169	-65.655143339963
14.907999992371	11.559532535360	-65.143969082498
14.911999702454	11.710254999547	-64.628483147748
14.916000366211	11.861390036220	-64.108261907511
14.920000076294	12.013056525948	-63.582853987506
14.923999786377	12.165401610587	-63.051817266749
14.928000450134	12.318631155216	-62.514700596335
14.932000160217	12.472970700074	-61.971084484260
14.935999870300	12.628685775142	-61.420519761064
14.939999580383	12.786090709771	-60.862601279719
14.944000244141	12.945519003612	-60.296928753826
14.947999954224	13.107344894653	-59.723112828325
14.951999664307	13.271975408751	-59.140802825908
14.956000328064	13.439829110060	-58.549645080998
14.960000038147	13.611367298148	-57.949333571326
14.963999748230	13.787073816334	-57.339575690273
14.968000411987	13.967434063662	-56.720095974486
14.972000122070	14.152971156214	-56.090690188839
14.975999832153	14.344205729873	-55.451136393000
14.979999542236	14.541671097076	-54.801252421179
14.984000205994	14.745925065975	-54.140909024230
14.987999916077	14.957501138826	-53.469972785506
14.991999626160	15.176954180015	-52.788358039606
14.996000289917	15.404837957421	-52.095990774977
15.000000000000	15.641689388868	-51.392822945534
15.003999710083	15.888048542712	-50.678843395403
15.008000373840	16.144462056802	-49.954041835442
15.012000083923	16.411449916468	-49.218427833067
15.015999794006	16.689522470979	-48.472025520560
15.020000457764	16.979198014543	-47.714869433841
15.024000167847	17.280966200785	-46.947014850241
15.027999877930	17.595322239041	-46.168517275527
15.031999588013	17.922736939306	-45.379417403683
15.036000251770	18.263684227415	-44.579789873518
15.039999961853	18.618636843929	-43.769674452973
15.043999671936	18.988033424069	-42.949133681483
15.048000335693	19.372331469337	-42.118201466994
15.052000045776	19.771984007532	-41.276935639952
15.055999755859	20.187437515227	-40.425343900877
15.060000419617	20.619133733421	-39.563443696417
15.064000129700	21.067531867338	-38.691248756635
15.067999839783	21.533089343040	-37.808731876920
15.071999549866	22.016268541462	-36.915866948659
15.076000213623	22.517554476730	-36.012613924684
15.079999923706	23.037440056846	-35.098897041985
15.083999633789	23.576435047214	-34.174624078086
15.088000297546	24.135074064437	-33.239707634709
15.092000007629	24.713921754508	-32.294006789216
15.095999717712	25.313564670021	-31.337382137251
15.100000381470	25.934623550596	-30.369662079581
15.104000091553	26.577758098719	-29.390662906029
15.107999801636	27.243667993874	-28.400170367225
15.112000465393	27.933096406933	-27.397963338756
15.116000175476	28.646835998257	-26.383784892298
15.119999885559	29.385736186072	-25.357373236300
15.123999595642	30.150707128027	-24.318441336725
15.128000259399	30.942720045827	-23.266689301374
15.131999969482	31.762825333206	-22.201793865148
15.135999679565	32.612134652062	-21.123424107146
15.140000343323	33.491864263687	-20.031244249879
15.144000053406	34.403295816159	-18.924890918007
15.147999763489	35.347829579732	-17.804003248435
15.152000427246	36.326956547775	-16.668215664006
15.156000137329	37.342292208061	-15.517163889564
15.159999847412	38.395570235017	-14.350483188032
15.163999557495	39.488654453196	-13.167811953765
15.168000221252	40.623552457995	-11.968806065628
15.171999931335	41.802428650779	-10.753143300498
15.175999641418	43.027613011500	-9.5205191992789
15.180000305176	44.301619687061	-8.2706781733019
15.184000015259	45.627142051164	-7.0033902070360
15.187999725342	47.007099420174	-5.7184960839474
15.192000389099	48.444626878381	-4.4158998255890
15.196000099182	49.943103140329	-3.0955896298448
15.199999809265	51.506170289175	-1.7576566670073
15.204000473022	53.137749648845	-0.40231419719423
15.208000183105	54.842064463444	0.97007795958605
15.211999893188	56.623662703249	2.3589856401323
15.215999603271	58.487439358738	3.7636687251007
15.220000267029	60.438659893877	5.1831422926440
15.223999977112	62.482986307446	6.6161353172834
15.227999687195	64.626501773700	8.0610404246900
15.232000350952	66.875733966429	9.5158549527379
15.236000061035	69.237682654203	10.978115976828
15.239999771118	71.719836636936	12.444821594308
15.244000434875	74.330198629642	13.912343606542
15.248000144958	77.077299636449	15.376328562887
15.251999855042	79.970200867965	16.831577584065
15.255999565125	83.018513450790	18.271918718095
15.260000228882	86.232356066698	19.690048636009
15.263999938965	89.622353852282	21.077369445063
15.267999649048	93.199602011941	22.423803738124
15.272000312805	96.975550534177	23.717566174924
15.276000022888	100.96192735583	24.944929197514
15.279999732971	105.17059555722	26.089988151135
15.284000396729	109.61335125272	27.134353476183
15.288000106812	114.30162431384	28.056871878151
15.291999816895	119.24620820235	28.833329174041
15.295999526978	124.45675326672	29.436131650587
15.300000190735	129.94129910582	29.834043149850
15.303999900818	135.70555818087	29.991923454596
15.307999610901	141.75216460661	29.870557983457
15.312000274658	148.07968159124	29.426584664077
15.315999984741	154.68161049852	28.612595678553
15.319999694824	161.54503113885	27.377397504257
15.324000358582	168.64931278744	25.666596165292
15.328000068665	175.96475611607	23.423548764553
15.331999778748	183.45106249432	20.590650729540
15.336000442505	191.05623105197	17.111218554858
15.340000152588	198.71512905368	12.931757918930
15.343999862671	206.34938092571	8.0049242769618
15.347999572754	213.86710031517	2.2927795505221
15.352000236511	221.16378252668	-4.2295410126444
15.355999946594	228.12443955996	-11.570093671194
15.359999656677	234.62645200149	-19.716620400434
15.364000320435	240.54417452218	-28.633712404018
15.368000030518	245.75401541790	-38.260983486690
15.371999740601	250.14045638766	-48.512712368998
15.376000404358	253.60282243271	-59.279377398935
15.380000114441	256.06068731284	-70.430812530724
15.383999824524	257.45944989451	-81.821535988031
15.387999534607	257.77324758972	-93.296919066215
15.392000198364	257.00675862997	-104.70068890043
15.395999908447	255.19433163576	-115.88224403115
15.399999618530	252.39722598085	-126.70331173932
15.404000282288	248.69905942737	-137.04340985464
15.407999992371	244.20044725976	-146.80377531489
15.411999702454	239.01278387650	-155.90937790781
15.416000366211	233.25241639200	-164.30917424289
15.420000076294	227.03510221742	-171.97478127420
15.423999786377	220.47174908165	-178.89822860383
15.428000450134	213.66497472450	-185.08891843759
15.432000160217	206.70681858648	-190.56988531238
15.435999870300	199.67758163491	-195.37496564983
15.439999580383	192.64554847455	-199.54515016297
15.444000244141	185.66705838187	-203.12580105213
15.447999954224	178.78747348941	-206.16454433218
15.451999664307	172.04210567690	-208.70917325709
15.456000328064	165.45752798934	-210.80641373676
15.460000038147	159.05272786627	-212.50050578693
15.463999748230	152.84055247582	-213.83312693414
15.468000411987	146.82864691455	-214.84247654444
15.472000122070	141.02061390111	-215.56340880655
15.475999832153	135.41692874772	-216.02735975270
15.479999542236	130.01567612333	-216.26215151335
15.484000205994	124.81319302169	-216.29277901369
15.487999916077	119.80464292348	-216.14119139798
15.491999626160	114.98452961386	-215.82660860503
15.496000289917	110.34680540031	-215.36598285209
15.500000000000	105.88534618409	-214.77419016159
15.503999710083	101.59427583817	-214.06439667774
15.508000373840	97.467702311043	-213.24814088908
15.512000083923	93.499732419021	-212.33538168510
15.515999794006	89.685153874413	-211.33518264151
15.520000457764	86.019413498531	-210.25610348570
15.524000167847	82.497724020338	-209.10540147061
15.527999877930	79.115825647189	-207.88984068842
15.531999588013	75.869896952565	-206.61570973478
15.536000251770	72.756294868519	-205.28903471323
15.539999961853	69.771562210208	-203.91528135082
15.543999671936	66.912519956183	-202.49993730969
15.548000335693	64.176192397297	-201.04809454070
15.552000045776	61.559477618989	-199.56475570358
15.555999755859	59.059384215409	-198.05439445715
15.560000419617	56.673085226194	-196.52175282890
15.564000129700	54.397731652296	-194.97153462082
15.567999839783	52.230354174324	-193.40778461807
15.571999549866	50.167969163380	-191.83476960380
15.576000213623	48.207531140334	-190.25655035910
15.579999923706	46.345987417733	-188.67691246643
15.583999633789	44.580124145638	-187.09950878644
15.588000297546	42.906700763120	-185.52783724559
15.592000007629	41.322451794864	-183.96514056255
15.595999717712	39.823904723750	-182.41451015282
15.600000381470	38.407728380219	-180.87882738478
15.604000091553	37.070394407165	-179.36063608040
15.607999801636	35.808429674927	-177.86244684165
15.612000465393	34.618288038230	-176.38634955366
15.616000175476	33.496438605786	-174.93437832986
15.619999885559	32.439361181609	-173.50825859063
15.623999595642	31.443546568949	-172.10945316762
15.628000259399	30.505478156737	-170.73932489889
15.631999969482	29.621782554695	-169.39897417174
15.635999679565	28.788986700460	-168.08922784654
15.640000343323	28.003811076699	-166.81076401349
15.644000053406	27.263025029500	-165.56417238658
15.647999763489	26.563386982310	-164.34964562934
15.652000427246	25.901836513989	-163.16741299901
15.656000137329	25.275400201674	-162.01738764665
15.659999847412	24.681195104484	-160.89941575569
15.663999557495	24.116434963869	-159.81315590532
15.668000221252	23.578450315685	-158.75811878011
15.671999931335	23.064695178956	-157.73371661714
15.675999641418	22.572741076455	-156.73918538728
15.680000305176	22.100356464375	-155.77376080081
15.684000015259	21.645373573865	-154.83644969514
15.687999725342	21.205734873060	-153.92621880076
15.692000389099	20.779611927057	-153.04197356988
15.696000099182	20.365238885436	-152.18256458712
15.699999809265	19.961071220565	-151.34669393180
15.704000473022	19.565651565867	-150.53309413012
15.708000183105	19.177662581498	-149.74042984186
15.711999893188	18.796009572235	-148.96731440577
15.715999603271	18.419651327710	-148.21240409912
15.720000267029	18.047750787992	-147.47428208151
15.723999977112	17.679620312127	-146.75156331834
15.727999687195	17.314671934093	-146.04289657881
15.732000350952	16.952441504449	-145.34692790499
15.736000061035	16.592672547990	-144.66235556062
15.739999771118	16.235180759946	-143.98791863042
15.744000434875	15.879884556439	-143.32242323320
15.748000144958	15.526857735143	-142.66469367732
15.751999855042	15.176234769735	-142.01372224643
15.755999565125	14.828271314752	-141.36847550829
15.760000228882	14.483316989528	-140.72809725461
15.763999938965	14.141730745516	-140.09178009082
15.767999649048	13.803990987550	-139.45880270568
15.772000312805	13.470635345074	-138.82857014224
15.776000022888	13.142176098478	-138.20055810330
15.779999732971	12.819194520921	-137.57440615902
15.784000396729	12.502288103339	-136.94978299569
15.788000106812	12.192041765377	-136.32649927882
15.791999816895	11.889042792191	-135.70446269634
15.795999526978	11.593861922961	-135.08367474034
15.800000190735	11.307040690917	-134.46418169751
15.803999900818	11.029129182102	-133.84618561606
15.807999610901	10.760512595538	-133.22989128759
15.812000274658	10.501660052183	-132.61564328732
15.815999984741	10.252925982004	-132.00378725441
15.819999694824	10.014595982469	-131.39473503365
15.824000358582	9.7869245589044	-130.78895816881
15.828000068665	9.5700589713393	-130.18696620523
15.831999778748	9.3641239588462	-129.58924706247
15.836000442505	9.1691344995217	-128.99639300102
15.840000152588	8.9850599254436	-128.40891677145
15.843999862671	8.8118149663664	-127.82739614088
15.847999572754	8.6491982515207	-127.25238801769
15.852000236511	8.4969781260882	-126.68442255789
15.855999946594	8.3548524306863	-126.12398496911
15.859999656677	8.2224944215486	-125.57162569588
15.864000320435	8.0994488583654	-125.02777185836
15.868000030518	7.9853063670068	-124.49285754854
15.871999740601	7.8795159236568	-123.96725805170
15.876000404358	7.7815477578926	-123.45132362041
15.880000114441	7.6908334236516	-122.94533384849
15.883999824524	7.6067396776769	-122.44953500832
15.887999534607	7.5286516298735	-121.96412585160
15.892000198364	7.4559132199371	-121.48921391812
15.895999908447	7.3878506964575	-121.02489174559
15.899999618530	7.3238222437120	-120.57115778065
15.904000282288	7.2631124104930	-120.12798390424
15.907999992371	7.2050889666220	-119.69526854656
15.911999702454	7.1490857101430	-119.27286727330
15.916000366211	7.0944602096161	-118.86053618589
15.920000076294	7.0405840999538	-118.45804382160
15.923999786377	6.9868916264676	-118.06505617005
15.928000450134	6.9328077117516	-117.68121226351
15.932000160217	6.8777874814860	-117.30610497425
15.935999870300	6.8213740094495	-116.93930165383
15.939999580383	6.7631089917171	-116.58027837070
15.944000244141	6.7026004100910	-116.22851014366
15.947999954224	6.6395227311530	-115.88348363360
15.951999664307	6.5735686460223	-115.54461261362
15.956000328064	6.5045024040835	-115.21127969138
15.960000038147	6.4321736536427	-114.88289575895
15.963999748230	6.3564543678456	-114.55885301187
15.968000411987	6.2772823434881	-114.23854575860
15.972000122070	6.1946767391583	-113.92134710594
15.975999832153	6.1086673123916	-113.60668686086
15.979999542236	6.0194080672370	-113.29395917397
15.984000205994	5.9270375134505	-112.98263069079
15.987999916077	5.8317976194218	-112.67218762448
15.991999626160	5.7339629772766	-112.36211934038
15.996000289917	5.6338352360911	-112.05197172899
16.000000000000	5.5317882450860	-111.74134533355
16.003999710083	5.4281861984823	-111.42988062461
16.007999420166	5.3234774753388	-111.11723593302
16.011999130249	5.2180860915723	-110.80318748561
16.016000747681	5.1124753578536	-110.48753967934
16.020000457764	5.0071282156999	-110.17008902621
16.024000167847	4.9025404872390	-109.85078361251
16.027999877930	4.7991405342419	-109.52957449644
16.031999588013	4.6974410592200	-109.20649140496
16.035999298096	4.5978893376345	-108.88157707315
16.040000915527	4.5009381385593	-108.55496842374
16.044000625610	4.4070018222739	-108.22685165472
16.048000335693	4.3164704180296	-107.89742786489
16.052000045776	4.2297114485748	-107.56695492419
16.055999755859	4.1470522179905	-107.23574277907
16.059999465942	4.0687477973308	-106.90409727595
16.063999176025	3.9950858663986	-106.57239267388
16.068000793457	3.9262475129187	-106.24099201658
16.072000503540	3.8623680928787	-105.91033883470
16.076000213623	3.8035816283582	-105.58079378966
16.079999923706	3.7499333347239	-105.25280561402
16.083999633789	3.7014258483200	-104.92679040356
16.087999343872	3.6580488500918	-104.60319181938
16.091999053955	3.6196985220385	-104.28238559354
16.096000671387	3.5862516277692	-103.96481896117
16.100000381470	3.5575307982838	-103.65084953103
16.104000091553	3.5333486096252	-103.34085450221
16.107999801636	3.5134206573916	-103.03519077601
16.111999511719	3.4974901651720	-102.73415569788
16.115999221802	3.4852332577007	-102.43805811884
16.120000839233	3.4762885508758	-102.14713483463
16.124000549316	3.4702982876979	-101.86161748206
16.128000259399	3.4668690487316	-101.58167960595
16.131999969482	3.4655867481019	-101.30745771803
16.135999679565	3.4660269628492	-101.03905031816
16.139999389648	3.4677607932214	-100.77652313609
16.143999099731	3.4703455582688	-100.51989532048
16.148000717163	3.4733574165639	-100.26911683563
16.152000427246	3.4763301545408	-100.02412101181
16.156000137329	3.4788633690836	-99.784795710628
16.159999847412	3.4805417232815	-99.550995596971
16.163999557495	3.4809585238591	-99.322504744926
16.167999267578	3.4797429915365	-99.099090467283
16.172000885010	3.4765365257258	-98.880497467337
16.176000595093	3.4710297588690	-98.666401490357
16.180000305176	3.4629183784446	-98.456478654095
16.184000015259	3.4519363910603	-98.250365216640
16.187999725342	3.4378816715104	-98.047656701328
16.191999435425	3.4205565146744	-97.847974857016
16.195999145508	3.3998349361039	-97.650871519396
16.200000762939	3.3756032432890	-97.455938141530
16.204000473022	3.3478328281177	-97.262713710360
16.208000183105	3.3165092302502	-97.070744031725
16.211999893188	3.2816579178677	-96.879622343859
16.215999603271	3.2433799688614	-96.688901367999
16.219999313354	3.2017907251864	-96.498165816139
16.224000930786	3.1570796375002	-96.307001560042
16.228000640869	3.1094301469039	-96.115030746768
16.232000350952	3.0591047703552	-95.921921055380
16.236000061035	3.0063919024054	-95.727320961796
16.239999771118	2.9515946606420	-95.530960032646
16.243999481201	2.8950581087180	-95.332574474063
16.247999191284	2.8371470222197	-95.131942924211
16.252000808716	2.7782503366527	-94.928904737473
16.256000518799	2.7187579982519	-94.723329377534
16.260000228882	2.6590785700391	-94.515126360558
16.263999938965	2.5996189587830	-94.304264522432
16.267999649048	2.5407958396523	-94.090737896992
16.271999359131	2.4830088419948	-93.874596779453
16.275999069214	2.4266594706075	-93.655941630873
16.280000686646	2.3721152367162	-93.434916482634
16.284000396729	2.3197423280148	-93.211679864103
16.288000106812	2.2698745619399	-92.986471217275
16.291999816895	2.2228299200316	-92.759502611648
16.295999526978	2.1788750506680	-92.531060999679
16.299999237061	2.1382647270293	-92.301467471858
16.304000854492	2.1012033762388	-92.071038826124
16.308000564575	2.0678553398512	-91.840138187215
16.312000274658	2.0383825291420	-91.609097195030
16.315999984741	2.0128338501847	-91.378333192003
16.319999694824	1.9913065423730	-91.148199599274
16.323999404907	1.9737698982480	-90.919088293541
16.327999114990	1.9602307272592	-90.691402892212
16.332000732422	1.9505788514440	-90.465480110938
16.336000442505	1.9447354157469	-90.241709660562
16.340000152588	1.9425341686654	-90.020446164257
16.343999862671	1.9437961269510	-89.802022177834
16.347999572754	1.9483014844471	-89.586748087723
16.351999282837	1.9558011935353	-89.374919258646
16.356000900269	1.9660081429430	-89.166794255490
16.360000610352	1.9786152897171	-88.962602290019
16.364000320435	1.9933076047176	-88.762561235850
16.368000030518	2.0097258836167	-88.566813479915
16.371999740601	2.0275075511774	-88.375508912038
16.375999450684	2.0462711321837	-88.188741246839
16.379999160767	2.0656414654044	-88.006566087863
16.384000778198	2.0852135746773	-87.828976224466
16.388000488281	2.1046061537478	-87.655958166863
16.392000198364	2.1234231523956	-87.487445091757
16.395999908447	2.1412855810574	-87.323347750825
16.399999618530	2.1578311904313	-87.163500071400
16.403999328613	2.1726954061047	-87.007735478614
16.408000946045	2.1855478870326	-86.855827289119
16.412000656128	2.1960752845316	-86.707548135080
16.416000366211	2.2039863734927	-86.562578078866
16.420000076294	2.2090261258847	-86.420623278458
16.423999786377	2.2109714056464	-86.281356256219
16.427999496460	2.2096331738583	-86.144410478935
16.431999206543	2.2048668274940	-86.009398985525
16.436000823975	2.1965386804072	-85.875927759238
16.440000534058	2.1846083743865	-85.743602922370
16.444000244141	2.1690219564652	-85.612004772368
16.447999954224	2.1498194875741	-85.480724030267
16.451999664307	2.1270433393270	-85.349359801159
16.455999374390	2.1007999133647	-85.217500467049
16.459999084473	2.0712413112233	-85.084773781553
16.464000701904	2.0385406822402	-84.950789284777
16.468000411987	2.0029202568052	-84.815200864682
16.472000122070	1.9646586261667	-84.677703537438
16.475999832153	1.9240321062556	-84.537979488545
16.479999542236	1.8813653831754	-84.395793273392
16.483999252319	1.8370191069810	-84.250908420685
16.488000869751	1.7913491029620	-84.103144802346
16.492000579834	1.7447498993242	-83.952313007508
16.496000289917	1.6976180422699	-83.798396503741
16.500000000000	1.6503616493590	-83.641329754616
16.503999710083	1.6033993676208	-83.481039458847
16.507999420166	1.5571303722892	-83.317586864939
16.511999130249	1.5119631568892	-83.151079039177
16.516000747681	1.4682829183510	-82.981578165950
16.520000457764	1.4264679749199	-82.809292001918
16.524000167847	1.3868735331963	-82.634409370052
16.527999877930	1.3498178755478	-82.457170320509
16.531999588013	1.3156104608689	-82.277819673808
16.535999298096	1.2845237953409	-82.096681692920
16.540000915527	1.2567946036139	-81.914079889008
16.544000625610	1.2326160431158	-81.730369238825
16.548000335693	1.2121469164044	-81.545918367234
16.552000045776	1.1955184891376	-81.361070235741
16.555999755859	1.1827954144679	-81.176270681003
16.559999465942	1.1740224075613	-80.991941914478
16.563999176025	1.1691913958292	-80.808385737075
16.568000793457	1.1682659273092	-80.626023207663
16.572000503540	1.1711437893045	-80.445349589480
16.576000213623	1.1777081609013	-80.266608761241
16.579999923706	1.1877863001093	-80.090248016049
16.583999633789	1.2011757793355	-79.916541272817
16.587999343872	1.2176435199174	-79.745926750396
16.591999053955	1.2369090255211	-79.578592487001
16.596000671387	1.2586698006212	-79.414847111156
16.600000381470	1.2826112917868	-79.254868680250
16.604000091553	1.3083820361452	-79.099006696306
16.607999801636	1.3355920660105	-78.947272280591
16.611999511719	1.3638707427383	-78.799890417075
16.615999221802	1.3928169915848	-78.656916006555
16.620000839233	1.4220205453459	-78.518371821059
16.624000549316	1.4510525524055	-78.384270484284
16.628000259399	1.4795276822629	-78.254639809095
16.631999969482	1.5070069030738	-78.129291257934
16.635999679565	1.5331088605684	-78.008178292942
16.639999389648	1.5574372443884	-77.891160254109
16.643999099731	1.5796197128343	-77.777944158880
16.648000717163	1.5993029625537	-77.668318323939
16.652000427246	1.6161635329506	-77.561998437588
16.656000137329	1.6299099321449	-77.458732927872
16.659999847412	1.6402675473731	-77.358115575181
16.663999557495	1.6470177963450	-77.259779416271
16.667999267578	1.6499637703048	-77.163287165925
16.672000885010	1.6489708097244	-77.068351160735
16.676000595093	1.6439235645401	-76.974378044865
16.680000305176	1.6347782362915	-76.880998178226
16.684000015259	1.6215257567423	-76.787778868186
16.687999725342	1.6042011746055	-76.694242091729
16.691999435425	1.5829054875574	-76.599948691471
16.695999145508	1.5577552347741	-76.504460328807
16.700000762939	1.5289528652505	-76.407366297189
16.704000473022	1.4967175764305	-76.308252243251
16.708000183105	1.4613262666667	-76.206761325999
16.711999893188	1.4230905363990	-76.102540198634
16.715999603271	1.3823552752303	-75.995284002623
16.719999313354	1.3395053861434	-75.884730799086
16.724000930786	1.2949343960879	-75.770644475473
16.728000640869	1.2490934504756	-75.652851376323
16.732000350952	1.2024183035644	-75.531207428218
16.736000061035	1.1553686587908	-75.405646403668
16.739999771118	1.1084179489808	-75.276120369060
16.743999481201	1.0620254556767	-75.142659220152
16.747999191284	1.0166673554119	-75.005313409102
16.752000808716	0.97279009241232	-74.864236876595
16.756000518799	0.93082118951260	-74.719544976266
16.760000228882	0.89119379018668	-74.571500355022
16.763999938965	0.85429512439561	-74.420330453294
16.767999649048	0.82048406626426	-74.266335643799
16.771999359131	0.79008761361995	-74.109858272364
16.775999069214	0.76339652742548	-73.951254597388
16.780000686646	0.74065969897773	-73.790927268944
16.784000396729	0.72209008816572	-73.629283633149
16.788000106812	0.70783867402375	-73.466756120749
16.791999816895	0.69803080797739	-73.303816889689
16.795999526978	0.69272985736650	-73.140914834913
16.799999237061	0.69194543078695	-72.978513585918
16.804000854492	0.69565982853265	-72.817090781728
16.808000564575	0.70378962788979	-72.657110355912
16.812000274658	0.71620448837687	-72.499000513294
16.815999984741	0.73274727768067	-72.343212846640
16.819999694824	0.75318756163490	-72.190161056541
16.823999404907	0.77727592239303	-72.040235734753
16.827999114990	0.80471358526575	-71.893824424524
16.832000732422	0.83517314400318	-71.751235334376
16.836000442505	0.86827339494038	-71.612789440041
16.840000152588	0.90362539251817	-71.478738100543
16.843999862671	0.94079658789690	-71.349298505898
16.847999572754	0.97934290672314	-71.224672125840
16.851999282837	1.0188003357372	-71.104978736111
16.856000900269	1.0586841887374	-70.990316693071
16.860000610352	1.0985019796681	-70.880703681279
16.864000320435	1.1377665105192	-70.776138112201
16.868000030518	1.1759717183271	-70.676551868551
16.871999740601	1.2126339078412	-70.581841944452
16.875999450684	1.2472736192233	-70.491817958126
16.879999160767	1.2794297731239	-70.406293094013
16.884000778198	1.3086541596975	-70.324974368172
16.888000488281	1.3345326803931	-70.247562230463
16.892000198364	1.3566984571414	-70.173688401853
16.895999908447	1.3747803054025	-70.102963369608
16.899999618530	1.3884876591737	-70.034940072652
16.903999328613	1.3975508673892	-69.969158899213
16.908000946045	1.4017760022478	-69.905102745988
16.912000656128	1.4009929018831	-69.842249110608
16.916000366211	1.3951044664772	-69.780076967871
16.920000076294	1.3840787632310	-69.717997481172
16.923999786377	1.3679213480874	-69.655484795958
16.927999496460	1.3467220623132	-69.591944215844
16.931999206543	1.3206218050605	-69.526845979364
16.936000823975	1.2898237969593	-69.459652843288
16.940000534058	1.2545842886700	-69.389852460491
16.944000244141	1.2152259621785	-69.316941109899
16.947999954224	1.1721188497950	-69.240489652827
16.951999664307	1.1256871860021	-69.160084152445
16.955999374390	1.0763834717291	-69.075366833208
16.959999084473	1.0247288653921	-68.986018028152
16.964000701904	0.97124998821097	-68.891799642580
16.968000411987	0.91651192570017	-68.792514268378
16.972000122070	0.86109645039357	-68.688030314902
16.975999832153	0.80559170605252	-68.578282837755
16.979999542236	0.75060396463686	-68.463275771205
16.983999252319	0.69672314826757	-68.343057801162
16.988000869751	0.64453799213869	-68.217794082850
16.992000579834	0.59461666637981	-68.087641469626
16.996000289917	0.54749885996080	-67.952873379363
17.000000000000	0.50370089441400	-67.813797319818
